  0   0   0   0   0   0   0   0   0   0   0   0   0   0   0   0
  0   0   0   0   0   0   0  35  41   0   0   0   0   0   0   0
  0   0   0   0  43  39  48  40  37  43  37  41   0   0   0   0
  0   0   0  42  35   0   0   0   0   0   0  39  36   0   0   0
  0   0  32  39   0   0   5   5   6   2   0   0  38  35   0   0
  0   0  40  51   0  15  23  17   8  11   9   0   0  47   0   0
  0   0  42   0  64   9   6  20   7  14  13   6   0  35   0   0
  0  36  38   0  27  22  14  11  13  11  20  37   0  37  43   0
  0  41  41   0  39  48  19  40  25  35  44  49   0  42  41   0
  0   0  42   0   7  57  56  36  60  54  33  19   0  43   0   0
  0   0  46   0   0   5   5  17  20   7  57   0   0  40   0   0
  0   0  45  40   0   0   2   3   2   4   0   0  43  39   0   0
  0   0   0  39  43   0   0   0   0   0   0  35  44   0   0   0
  0   0   0   0  37  40  39  40  40  41  37  37   0   0   0   0
  0   0   0   0   0   0   0  41  33   0   0   0   0   0   0   0
  0   0   0   0   0   0   0   0   0   0   0   0   0   0   0   0
  0   0   0   0   0   0   0   0   0   0   0   0   0   0   0   0
  0   0   0   0   0   0   0  93  81   0   0   0   0   0   0   0
  0   0   0   0  93  91  97  92  91  80  95  98   0   0   0   0
  0   0   0  95  84 128   0   0   0   0   0  95  90   0   0   0
  0   0  97  80   0   0 174 173 172 177   0   0  97  85   0   0
  0   0  91 102   0 185 186 175 175 180 186   0   0 105   0   0
  0   0  97   0 191 169 173 181 173 167 169 172   0  77   0   0
  0  86  90   0 121 107 169 169 124 163 127  78   0  85  93   0
  0  91  89   0  34  37  48  37 127  12  18  27   0  97  91   0
  0   0  93   0   6  20  26  23  25  30  10  11   0  89   0   0
  0   0  98   0   0   2   2  10  11   4  31   0   0  91   0   0
  0   0 102  98   0   0   1   1   1   1   0   0  89  90   0   0
  0   0   0  96  95   0   0   0   0   0   0  88  98   0   0   0
  0   0   0   0  89  92  89  87  94 108  97  90   0   0   0   0
  0   0   0   0   0   0   0  93  98   0   0   0   0   0   0   0
  0   0   0   0   0   0   0   0   0   0   0   0   0   0   0   0
  0   0   0   0   0   0   0   0   0   0   0   0   0   0   0   0
  0   0   0   0   0   0   0 220 211   0   0   0   0   0   0   0
  0   0   0   0 220 217 221 218 217 211 215 222   0   0   0   0
  0   0   0 223 211 255   0   0   0   0   0 221 216   0   0   0
  0   0 222 215   0   0 237 233 233 238   0   0 222 218   0   0
  0   0 219 204   0 244 247 235 240 241 247   0   0 231   0   0
  0   0 222   0 191 236 236 243 237 228 234 239   0 203   0   0
  0 212 221   0 240 218 238 250 226 230 230 216   0 213 226   0
  0 209 215   0 174 217 169 198 199 160 190 186   0 219 221   0
  0   0 218   0   4 171 170 165 181 159  71  29   0 215   0   0
  0   0 222   0   0   0   1  26  28   1 128   0   0 214   0   0
  0   0 225 222   0   0   0   0   0   0   0   0 218 218   0   0
  0   0   0 225 222   0   0   0   0   0   0 218 226   0   0   0
  0   0   0   0 212 216 216 217 216 227 225 220   0   0   0   0
  0   0   0   0   0   0   0 218 222   0   0   0   0   0   0   0
  0   0   0   0   0   0   0   0   0   0   0   0   0   0   0   0

  0   0   0   0   0   0   0   0   0   0   0   0   0   0   0   0
  0   0   0   0   0  28  35  33  35  35  30   0   0   0   0   0
  0   0   0   0  34  35  36  35  38  37  37  35   0   0   0   0
  0   0   0  34  34  28   0   0   0   0  35  38  38   0   0   0
  0   0  35  36  26   0   6  30  40  28  22  26  35  37   0   0
  0  26  36  33   0   9  11  22  43  35  12   0  33  37  34   0
  0  36  37  18   9  11   9  12  37  38  22   3   0  37  35   0
  0  37  37   0  10   9   7  16  31  43  21   3   0  35  35   0
  0  35  36   0   8  10  11  16  29  41  21   1   0  35  35   0
  0  32  36  32   6  10   9  17  37  40  20   1   0  38  36   0
  0  32  36  34   0  10   9  17  38  31   8   0  30  37  31   0
  0   0  32  36  35   0   8  22  40  21   0  32  36  38   0   0
  0   0   0  37  37  36  29   0   0  30  36  37  40   0   0   0
  0   0   0   0  35  37  36  37  39  39  40  37   0   0   0   0
  0   0   0   0   0  35  36  35  36  38  36   0   0   0   0   0
  0   0   0   0   0   0   0   0   0   0   0   0   0   0   0   0
  0   0   0   0   0   0   0   0   0   0   0   0   0   0   0   0
  0   0   0   0   0  92  87  90  87  87  83 128   0   0   0   0
  0   0   0  64  85  88  85  90  90  86  88  90  64   0   0   0
  0   0   0  88  89  85   0   0   0   0  81  88  88  51   0   0
  0   0  86  91  79 177 166  93  29  11  11  77  88  90   0   0
  0  79  88  90 179 182 170 127  43  13   5   0  89  93  90   0
  0  84  86  73 178 178 170 152  49  15  10   0   0  99  93   0
  0  86  89   0 173 171 169 133  82  19   8   0   0  90  91   0
  0  90  88   0 174 172 169 114  89  26   7   0   0  87  87   0
  0  83  84  74 175 177 171 146  59  19   8   0  85  91  93   0
  0  85  85  84 191 178 169 132  51  13   3   0  91  91  93   0
  0   0  88  88  91 128 166 120  37   9   0  80  93  93   0   0
  0   0   0  85  87  89  88   0   0  90  91  92  94  85   0   0
  0   0   0   0  94  91  90  91  89  88  93  96   0   0   0   0
  0   0   0   0   0  93  90  91  90  88  82   0   0   0   0   0
  0   0   0   0   0   0   0   0   0   0   0   0   0   0   0   0
  0   0   0   0   0   0   0   0   0   0   0   0   0   0   0   0
  0   0   0   0 255 213 214 219 216 217 219 255   0   0   0   0
  0   0   0 255 213 215 214 217 215 214 215 220 255   0   0   0
  0   0   0 214 215 213 255   0   0   0 209 215 213 204   0   0
  0 255 217 218 211 244 233 221 169  64  39 230 216 218 255   0
  0 220 215 218 242 242 234 227 191  97  17   0 211 220 214   0
  0 213 213 200 237 239 232 231 193 134  47   3   0 225 220   0
  0 214 218   0 234 234 233 222 205 155  47   1   0 217 218   0
  0 216 214   0 235 233 235 213 212 167  55   0   0 216 216   0
  0 210 214 212 236 237 235 229 207 134  41   0 170 215 217   0
  0 212 212 214 191 238 234 229 200  94  12   0 219 216 216   0
  0   0 216 213 216 128 235 229 190  63   0 215 218 217   0   0
  0   0   0 212 215 217 216   0   0 210 219 219 219 170   0   0
  0   0   0   0 219 216 216 218 214 212 217 221   0   0   0   0
  0   0   0   0   0 220 215 220 214 214 219   0   0   0   0   0
  0   0   0   0   0   0   0   0   0   0   0   0   0   0   0   0

  0   0   0   0   0   0   0   0   0   0   0   0   0   0   0   0
  0   0   0   0   0  34  35  35  35  36  31   0   0   0   0   0
  0   0   0   0  37  37  37  35  35  38  37  38   0   0   0   0
  0   0   0  38  35  33   0   0   0   0  30  36  40   0   0   0
  0   0  35  38  26   0   3   3   1   1   0  32  37  37   0   0
  0  30  37  35  22  12  22  21  21  20   8   0  36  40  36   0
  0  35  37   0  28  35  38  43  41  40  31  21  30  39  38   0
  0  35  38   0  40  43  37  31  29  37  38  40   0  39  36   0
  0  33  35   0  30  22  12  16  16  17  17  22   0  37  35   0
  0  35  36   0   6  11   9   7  11   9   9   8  29  36  36   0
  0  28  35  28   0   9  11   9  10  10  10   0  36  37  35   0
  0   0  34  34  26   0   9  10   8   6   0  35  37  35   0   0
  0   0   0  34  36  33  18   0   0  32  34  36  37   0   0   0
  0   0   0   0  35  36  37  37  36  36  36  32   0   0   0   0
  0   0   0   0   0  26  36  37  35  32  32   0   0   0   0   0
  0   0   0   0   0   0   0   0   0   0   0   0   0   0   0   0
  0   0   0   0   0   0   0   0   0   0   0   0   0   0   0   0
  0   0   0   0   0  90  93  91  87  93  93   0   0   0   0   0
  0   0   0  51  90  93  99  90  87  91  91  93  85   0   0   0
  0   0  64  88  88  89   0   0   0  85  91  93  94   0   0   0
  0 128  90  88  77   0   0   0   0   0   0  80  92  96   0   0
  0  83  88  81  11   5  10   8   7   8   3   0  91  93  82   0
  0  87  86   0  11  13  15  19  26  19  13   9  90  88  88   0
  0  87  90   0  29  43  49  82  89  59  51  37   0  89  90   0
  0  90  90   0  93 127 152 133 114 146 132 120   0  91  91   0
  0  87  85   0 166 170 170 169 169 171 169 166  88  90  90   0
  0  92  88  85 177 182 178 171 172 177 178 128  89  91  93   0
  0   0  85  89  79 179 178 173 174 175 191  91  87  94   0   0
  0   0  64  88  91  90  73   0   0  74  84  88  85   0   0   0
  0   0   0   0  86  88  86  89  88  84  85  88   0   0   0   0
  0   0   0   0   0  79  84  86  90  83  85   0   0   0   0   0
  0   0   0   0   0   0   0   0   0   0   0   0   0   0   0   0
  0   0   0   0   0   0   0   0   0   0   0   0   0   0   0   0
  0   0   0   0 255 214 220 218 216 217 216   0   0   0   0   0
  0   0   0 204 218 220 225 217 216 215 216 217 170   0   0   0
  0   0 255 213 216 211   0   0   0 170 219 218 219   0   0   0
  0 255 220 215 230   0   3   1   0   0   0 215 219 221   0   0
  0 219 215 209  39  17  47  47  55  41  12   0 219 217 219   0
  0 217 214   0  64  97 134 155 167 134  94  63 210 212 214   0
  0 216 215   0 169 191 193 205 212 207 200 190   0 214 214   0
  0 219 217   0 221 227 231 222 213 229 229 229   0 218 220   0
  0 214 214 255 233 234 232 233 235 235 234 235 216 216 215   0
  0 213 215 213 244 242 239 234 233 237 238 128 217 216 220   0
  0 255 213 215 211 242 237 234 235 236 191 216 215 219   0   0
  0   0 255 214 218 218 200   0   0 212 214 213 212   0   0   0
  0   0   0   0 217 215 213 218 214 214 212 216   0   0   0   0
  0   0   0   0 255 220 213 214 216 210 212   0   0   0   0   0
  0   0   0   0   0   0   0   0   0   0   0   0   0   0   0   0

  0   0   0   0   0   0   0   0   0   0   0   0   0   0   0   0
  0   0   0   0   0  36  38  36  35  36  35   0   0   0   0   0
  0   0   0   0  37  40  39  39  37  36  37  35   0   0   0   0
  0   0   0  40  37  36  30   0   0  29  36  37  37   0   0   0
  0   0  38  36  32   0  21  40  22   8   0  35  36  32   0   0
  0  31  37  30   0   8  31  38  17   9  10   0  34  36  32   0
  0  36  38   0   1  20  40  37  17   9  10   6  32  36  32   0
  0  35  35   0   1  21  41  29  16  11  10   8   0  36  35   0
  0  35  35   0   3  21  43  31  16   7   9  10   0  37  37   0
  0  35  37   0   3  22  38  37  12   9  11   9  18  37  36   0
  0  34  37  33   0  12  35  43  22  11   9   0  33  36  26   0
  0   0  37  35  26  22  28  40  30   6   0  26  36  35   0   0
  0   0   0  38  38  35   0   0   0   0  28  34  34   0   0   0
  0   0   0   0  35  37  37  38  35  36  35  34   0   0   0   0
  0   0   0   0   0  30  35  35  33  35  28   0   0   0   0   0
  0   0   0   0   0   0   0   0   0   0   0   0   0   0   0   0
  0   0   0   0   0   0   0   0   0   0   0   0   0   0   0   0
  0   0   0   0   0  82  88  90  91  90  93   0   0   0   0   0
  0   0   0   0  96  93  88  89  91  90  91  94   0   0   0   0
  0   0  85  94  92  91  90   0   0  88  89  87  85   0   0   0
  0   0  93  93  80   0   9  37 120 166 128  91  88  88   0   0
  0  93  91  91   0   3  13  51 132 169 178 191  84  85  85   0
  0  93  91  85   0   8  19  59 146 171 177 175  74  84  83   0
  0  87  87   0   0   7  26  89 114 169 172 174   0  88  90   0
  0  91  90   0   0   8  19  82 133 169 171 173   0  89  86   0
  0  93  99   0   0  10  15  49 152 170 178 178  73  86  84   0
  0  90  93  89   0   5  13  43 127 170 182 179  90  88  79   0
  0   0  90  88  77  11  11  29  93 166 177  79  91  86   0   0
  0   0  51  88  88  81   0   0   0   0  85  89  88   0   0   0
  0   0   0  64  90  88  86  90  90  85  88  85  64   0   0   0
  0   0   0   0 128  83  87  87  90  87  92   0   0   0   0   0
  0   0   0   0   0   0   0   0   0   0   0   0   0   0   0   0
  0   0   0   0   0   0   0   0   0   0   0   0   0   0   0   0
  0   0   0   0   0 219 214 214 220 215 220   0   0   0   0   0
  0   0   0   0 221 217 212 214 218 216 216 219   0   0   0   0
  0   0 170 219 219 219 210   0   0 216 217 215 212   0   0   0
  0   0 217 218 215   0  63 190 229 235 128 216 213 216   0   0
  0 216 216 219   0  12  94 200 229 234 238 191 214 212 212   0
  0 217 215 170   0  41 134 207 229 235 237 236 212 214 210   0
  0 216 216   0   0  55 167 212 213 235 233 235   0 214 216   0
  0 218 217   0   1  47 155 205 222 233 234 234   0 218 214   0
  0 220 225   0   3  47 134 193 231 232 239 237 200 213 213   0
  0 214 220 211   0  17  97 191 227 234 242 242 218 215 220   0
  0 255 218 216 230  39  64 169 221 233 244 211 218 217 255   0
  0   0 204 213 215 209   0   0   0 255 213 215 214   0   0   0
  0   0   0 255 220 215 214 215 217 214 215 213 255   0   0   0
  0   0   0   0 255 219 217 216 219 214 213 255   0   0   0   0
  0   0   0   0   0   0   0   0   0   0   0   0   0   0   0   0
